D1: [2.014834, -0.936462, 3.087040]
S1: [5.314730, 0.256359, -0.074771]
S2: [5.539708, -0.418842, -0.060018]
S3: [5.227223, -1.060817, -0.069234]
EXIT: [0.492400, 0.000559, 0.011242]
