initposition:       [0.011, 0.011, -0.1, 0.023, 0.12 ]

zeroposition:       [2.9496, 1.13446, -2.54818, 1.78896, 2.48112]

pregrasp_laying_mex: [2.94962, 2.36984, -2.26538, 2.75548, 2.48112]
pregrasp_standing_mex: [3.02221, 2.48996, -1.53309, 1.17502, 2.92980]

grasp_laying_mex: []

pregrasp_front_init: [2.9496, 1.18826, -1.17518, 3.15417, 2.9234]
pregrasp_front:      [2.9496, 1.53785, -1.17518, 3.15417, 2.9234]

pregrasp_back_init: [2.9496, 1.18826, -3.1595, 0.14564, 2.9234]
pregrasp_back:      [2.9496, 0.5475,  -3.1595, 0.14564, 2.9234]

pregrasp_right_init: [4.5204, 1.18826, -1.17518, 3.15417, 2.9234]
pregrasp_right:      [4.5204, 1.53785, -1.17518, 3.15417, 2.9234]

pregrasp_left_init: [1.3788, 1.18826, -1.17518, 3.15417, 2.9234]
pregrasp_left:      [1.3788, 1.53785, -1.17518, 3.15417, 2.9234]

kinect_right_init: [4.5204, 1.18826, -1.17518, 3.15417, 2.9234]
kinect_right:      [5.4, 2.5, -2.5, 1.5, 2.9234]

kinect_left_init: [1.3788, 1.18826, -1.17518, 3.15417, 2.9234]
kinect_left:      [0.4, 2.5, -2.5, 1.5, 2.9234]

flatposition: [2.9288059044017993, 0.0101, -0.027, 2.7123644907202462, 3.0723090453006798]

pregrasp: [2.9728629481532414, 2.2757717321018909, -2.1594365422980162, 3.1001988517949588, 2.8750661275489744]
