initposition:       [0.011, 0.011, -0.1, 0.023, 0.12 ]

zeroposition:       [2.9496, 1.13446, -2.54818, 1.78896, 2.48112]

pregrasp_laying_mex: [2.94962, 2.36984, -2.26538, 2.75548, 2.48112]
pregrasp_standing_mex: [3.02221, 2.48996, -1.53309, 1.17502, 2.92980]

#grasp_laying_mex: []

arm_out_of_view:  [2.9693085180035066, 0.059196869264276898, -2.7473384835275421, 0.18922564764896832, 2.4874555409933889]

pregrasp_back_init: [2.9496, 1.18826, -3.1595, 0.14564, 2.9234]
pregrasp_back:      [2.9496, 0.5475,  -3.1595, 0.14564, 2.9234]


pregrasp: [2.9728629481532414, 2.2757717321018909, -2.1594365422980162, 3.1001988517949588, 2.8750661275489744]
