initposition:       [0.011, 0.011, -0.1, 0.023, 0.12 ]

zeroposition:       [2.9496, 1.13446, -2.54818, 1.78896, 2.93075]

pregrasp_laying_mex: [2.94962, 2.36984, -2.26538, 2.75548, 2.920110]
pregrasp_standing_mex: [3.02221, 2.48996, -1.53309, 1.17502, 2.92980]

arm_out_of_view:  [2.96930, 0.05919, -2.74733, 0.18922, 2.48745]

# grasp will be set by grasper
grasp_laying_mex: [] 

#PLATFORM POSES

platform_intermediate: [2.95008, 1.17834, -3.30993, 0.44033, 2.95170]
platform_left: [3.20691, 0.32942, -3.29642, 0.57904, 2.60902]
platform_right: [2.64898, 0.33072, -3.29658, 0.57911, 2.95179]
platform_centre: [2.95012, 0.36436, -3.31624, 0.45019, 2.95181]

#LINE POSES (RIGHT TO LEFT)

line_one: [3.62224, 2.48888, -2.39791, 2.79911, 2.93070]
line_two: [3.38231, 2.13810, -1.67897, 2.52825, 2.92261]
line_three: [2.93732, 1.91937, -1.36863, 2.47464, 2.91953]
line_four: [2.55503, 2.13815, -1.67899, 2.52825, 2.92261]
line_five: [2.33276, 2.48885, -2.38858, 2.79900, 2.93077]

#ZIG ZAG POSES (RIGHT TO LEFT
zz_one: [3.62224, 2.48888, -2.39791, 2.79911, 2.93070]
zz_two: [3.33455, 2.35950, -1.91344, 2.25267, 0.13002]
zz_three: [2.93732, 1.91937, -1.36863, 2.47464, 2.91953]
zz_four: [2.60860, 2.35956, -1.91344, 2.25269, 0.13002]
zz_five: [2.33276, 2.48885, -2.38858, 2.79900, 2.93077]
