image: map.pgm
resolution: 0.040000
origin: [-3.000000, -14.520000, 0.000000]
negate: 0
occupied_thresh: 0.65
free_thresh: 0.196

