#[cardinal direction: theta]
N: [4.908430, 0.070289, 1.423389]
E: [4.902275, 0.054883, -0.168857]
S: [4.852649, 0.036901, -1.695964]
W: [4.824729, 0.068022, 3.028608]
