S2: [5.503532, -0.687842, -0.155953]
S1: [5.623676, 0.129639, -0.166669]
S3: [5.380675, -1.467933, -0.153970]
T1: [4.684535, -1.169712, -0.157349]
T3: [4.197731, -0.492076, -0.154880]
T2: [4.818698, 0.062647, -0.144057]
T4: [3.268589, -0.433106, -0.161873]
T6: [2.982135, 0.326189, -0.158132]
T5: [2.764673, -0.989670, -0.168589]
T7: [2.024466, -0.148849, -0.190467]
D2: [1.833445, -0.980694, -0.202178]
D1: [2.085399, 0.646862, -0.191078]
EXIT: [-5.000000, -5.000000, 0.000000]
