D1: [-0.494650, 2.382531, 2.848921]
S1: [1.208735, 2.711847, -0.289027]
S3: [-0.221378, 2.084009, -1.955309]
S2: [1.047258, 1.373700, -0.299293]
EXIT: [0.127529, 0.133547, 2.801602]
