D1: [-0.862647, 0.791742, 3.038931]
D2: [-0.905815, -0.757286, 3.101411]
EXIT: [-0.783480, 0.003055, 3.106983]
S1: [1.011697, 0.703552, -0.043121]
S2: [0.983480, -0.054283, -0.048413]
S3: [1.003635, -0.842788, -0.057317]
