D1: [1.855691, 1.538395, 3.134027]
S1: [3.661869, 2.239080, 0.059812]
S3: [2.210602, 1.330043, -1.615946]
S2: [3.625475, 0.961508, 0.045501]
EXIT: [2.974983, -0.158380, -1.570555]
