#[x,y,theta]
D2: [-1.465774, -0.155698, 2.797387]
D1: [-0.867438, 1.139381, 2.751821]
S1: [0.934594, 0.334323, -0.439175]
S2: [0.624262, -0.384753, -0.423730]
S3: [0.319112, -1.050514, -0.433905]
exit: [-0.767, 0.431, 2.871]
